block	rep	device_us	host_wall_us
1	1	10.6813	12.3123
1	2	8.54625	11.301
1	3	7.99	12.3053
1	4	10.0303	11.0958
1	5	10.0669	14.0193
1	6	10.2644	13.0048
1	7	9.84031	10.7981
1	8	8.03531	11.3178
1	9	9.18031	11.7082
1	10	9.50406	10.6668
1	11	10.1456	11.2751
1	12	8.30031	11.1103
1	13	8.08625	10.5236
1	14	9.09844	11.2053
1	15	9.9075	11.3167
1	16	7.81594	11.9254
1	17	9.25312	10.6686
1	18	8.34344	10.5809
1	19	8.56531	10.2825
1	20	10.1459	11.2668
1	21	10.0525	12.2171
1	22	9.77844	11.112
1	23	7.36344	10.6365
1	24	7.80531	9.68372
1	25	7.44625	10.0718
1	26	9.28	11.9628
1	27	9.36625	11.5171
1	28	9.24188	11.7498
1	29	9.42187	12.0778
1	30	9.7225	12.0517
1	31	10.9097	12.1143
2	1	8.49344	12.4553
2	2	9.61719	11.0085
2	3	10.1837	11.097
2	4	10.3587	11.1945
2	5	8.98969	11.104
2	6	10.9509	12.434
2	7	8.13875	11.2745
2	8	8.00312	11.3201
2	9	8.24406	10.2678
2	10	8.34281	10.9885
2	11	8.015	9.80028
2	12	8.87187	10.7706
2	13	8.2225	12.031
2	14	7.49	11.0132
2	15	8.52844	10.3365
2	16	7.99438	9.93105
2	17	8.43656	10.4368
2	18	9.78281	11.3089
2	19	9.24063	10.7554
2	20	9.75406	10.9693
2	21	10.2306	11.359
2	22	10.2484	11.18
2	23	8.41531	10.9864
2	24	10.2406	11.6264
2	25	8.92844	10.6084
2	26	8.30844	11.6689
2	27	9.51531	11.8539
2	28	9.82125	10.6635
2	29	9.08844	10.2526
2	30	10.3141	11.4546
2	31	10.0897	11.1048
